     radius[mm]      wavelength[nm]           Cabs
      5.000e-02          4.0000e+02     0.0000e+00
      5.000e-02          4.1000e+02     0.0000e+00
      5.000e-02          4.2000e+02     0.0000e+00
      5.000e-02          4.3000e+02     0.0000e+00
      5.000e-02          4.4000e+02     0.0000e+00
      5.000e-02          4.5000e+02     0.0000e+00
      5.000e-02          4.6000e+02     0.0000e+00
      5.000e-02          4.7000e+02     0.0000e+00
      5.000e-02          4.8000e+02     0.0000e+00
      5.000e-02          4.9000e+02     0.0000e+00
      5.000e-02          5.0000e+02     0.0000e+00
      5.000e-02          5.1000e+02     0.0000e+00
      5.000e-02          5.2000e+02     0.0000e+00
      5.000e-02          5.3000e+02     0.0000e+00
      5.000e-02          5.4000e+02     0.0000e+00
      5.000e-02          5.5000e+02     0.0000e+00
      5.000e-02          5.6000e+02     0.0000e+00
      5.000e-02          5.7000e+02     0.0000e+00
      5.000e-02          5.8000e+02     0.0000e+00
      5.000e-02          5.9000e+02     0.0000e+00
      5.000e-02          6.0000e+02     0.0000e+00
      5.000e-02          6.1000e+02     0.0000e+00
      5.000e-02          6.2000e+02     0.0000e+00
      5.000e-02          6.3000e+02     0.0000e+00
      5.000e-02          6.4000e+02     0.0000e+00
      5.000e-02          6.5000e+02     0.0000e+00
      5.000e-02          6.6000e+02     0.0000e+00
      5.000e-02          6.7000e+02     0.0000e+00
      5.000e-02          6.8000e+02     0.0000e+00
      5.000e-02          6.9000e+02     0.0000e+00

      8.900e-02          4.0000e+02     0.0000e+00
      8.900e-02          4.1000e+02     0.0000e+00
      8.900e-02          4.2000e+02     0.0000e+00
      8.900e-02          4.3000e+02     0.0000e+00
      8.900e-02          4.4000e+02     0.0000e+00
      8.900e-02          4.5000e+02     0.0000e+00
      8.900e-02          4.6000e+02     0.0000e+00
      8.900e-02          4.7000e+02     0.0000e+00
      8.900e-02          4.8000e+02     0.0000e+00
      8.900e-02          4.9000e+02     0.0000e+00
      8.900e-02          5.0000e+02     0.0000e+00
      8.900e-02          5.1000e+02     0.0000e+00
      8.900e-02          5.2000e+02     0.0000e+00
      8.900e-02          5.3000e+02     0.0000e+00
      8.900e-02          5.4000e+02     0.0000e+00
      8.900e-02          5.5000e+02     0.0000e+00
      8.900e-02          5.6000e+02     0.0000e+00
      8.900e-02          5.7000e+02     0.0000e+00
      8.900e-02          5.8000e+02     0.0000e+00
      8.900e-02          5.9000e+02     0.0000e+00
      8.900e-02          6.0000e+02     0.0000e+00
      8.900e-02          6.1000e+02     0.0000e+00
      8.900e-02          6.2000e+02     0.0000e+00
      8.900e-02          6.3000e+02     0.0000e+00
      8.900e-02          6.4000e+02     0.0000e+00
      8.900e-02          6.5000e+02     0.0000e+00
      8.900e-02          6.6000e+02     0.0000e+00
      8.900e-02          6.7000e+02     0.0000e+00
      8.900e-02          6.8000e+02     0.0000e+00
      8.900e-02          6.9000e+02     0.0000e+00

      1.280e-01          4.0000e+02     0.0000e+00
      1.280e-01          4.1000e+02     0.0000e+00
      1.280e-01          4.2000e+02     0.0000e+00
      1.280e-01          4.3000e+02     0.0000e+00
      1.280e-01          4.4000e+02     0.0000e+00
      1.280e-01          4.5000e+02     0.0000e+00
      1.280e-01          4.6000e+02     0.0000e+00
      1.280e-01          4.7000e+02     0.0000e+00
      1.280e-01          4.8000e+02     0.0000e+00
      1.280e-01          4.9000e+02     0.0000e+00
      1.280e-01          5.0000e+02     0.0000e+00
      1.280e-01          5.1000e+02     0.0000e+00
      1.280e-01          5.2000e+02     0.0000e+00
      1.280e-01          5.3000e+02     0.0000e+00
      1.280e-01          5.4000e+02     0.0000e+00
      1.280e-01          5.5000e+02     0.0000e+00
      1.280e-01          5.6000e+02     0.0000e+00
      1.280e-01          5.7000e+02     0.0000e+00
      1.280e-01          5.8000e+02     0.0000e+00
      1.280e-01          5.9000e+02     0.0000e+00
      1.280e-01          6.0000e+02     0.0000e+00
      1.280e-01          6.1000e+02     0.0000e+00
      1.280e-01          6.2000e+02     0.0000e+00
      1.280e-01          6.3000e+02     0.0000e+00
      1.280e-01          6.4000e+02     0.0000e+00
      1.280e-01          6.5000e+02     0.0000e+00
      1.280e-01          6.6000e+02     0.0000e+00
      1.280e-01          6.7000e+02     0.0000e+00
      1.280e-01          6.8000e+02     0.0000e+00
      1.280e-01          6.9000e+02     0.0000e+00

      1.670e-01          4.0000e+02     0.0000e+00
      1.670e-01          4.1000e+02     0.0000e+00
      1.670e-01          4.2000e+02     0.0000e+00
      1.670e-01          4.3000e+02     0.0000e+00
      1.670e-01          4.4000e+02     0.0000e+00
      1.670e-01          4.5000e+02     0.0000e+00
      1.670e-01          4.6000e+02     0.0000e+00
      1.670e-01          4.7000e+02     0.0000e+00
      1.670e-01          4.8000e+02     0.0000e+00
      1.670e-01          4.9000e+02     0.0000e+00
      1.670e-01          5.0000e+02     0.0000e+00
      1.670e-01          5.1000e+02     0.0000e+00
      1.670e-01          5.2000e+02     0.0000e+00
      1.670e-01          5.3000e+02     0.0000e+00
      1.670e-01          5.4000e+02     0.0000e+00
      1.670e-01          5.5000e+02     0.0000e+00
      1.670e-01          5.6000e+02     0.0000e+00
      1.670e-01          5.7000e+02     0.0000e+00
      1.670e-01          5.8000e+02     0.0000e+00
      1.670e-01          5.9000e+02     0.0000e+00
      1.670e-01          6.0000e+02     0.0000e+00
      1.670e-01          6.1000e+02     0.0000e+00
      1.670e-01          6.2000e+02     0.0000e+00
      1.670e-01          6.3000e+02     0.0000e+00
      1.670e-01          6.4000e+02     0.0000e+00
      1.670e-01          6.5000e+02     0.0000e+00
      1.670e-01          6.6000e+02     0.0000e+00
      1.670e-01          6.7000e+02     0.0000e+00
      1.670e-01          6.8000e+02     0.0000e+00
      1.670e-01          6.9000e+02     0.0000e+00

      2.060e-01          4.0000e+02     0.0000e+00
      2.060e-01          4.1000e+02     0.0000e+00
      2.060e-01          4.2000e+02     0.0000e+00
      2.060e-01          4.3000e+02     0.0000e+00
      2.060e-01          4.4000e+02     0.0000e+00
      2.060e-01          4.5000e+02     0.0000e+00
      2.060e-01          4.6000e+02     0.0000e+00
      2.060e-01          4.7000e+02     0.0000e+00
      2.060e-01          4.8000e+02     0.0000e+00
      2.060e-01          4.9000e+02     0.0000e+00
      2.060e-01          5.0000e+02     0.0000e+00
      2.060e-01          5.1000e+02     0.0000e+00
      2.060e-01          5.2000e+02     0.0000e+00
      2.060e-01          5.3000e+02     0.0000e+00
      2.060e-01          5.4000e+02     0.0000e+00
      2.060e-01          5.5000e+02     0.0000e+00
      2.060e-01          5.6000e+02     0.0000e+00
      2.060e-01          5.7000e+02     0.0000e+00
      2.060e-01          5.8000e+02     0.0000e+00
      2.060e-01          5.9000e+02     0.0000e+00
      2.060e-01          6.0000e+02     0.0000e+00
      2.060e-01          6.1000e+02     0.0000e+00
      2.060e-01          6.2000e+02     0.0000e+00
      2.060e-01          6.3000e+02     0.0000e+00
      2.060e-01          6.4000e+02     0.0000e+00
      2.060e-01          6.5000e+02     0.0000e+00
      2.060e-01          6.6000e+02     0.0000e+00
      2.060e-01          6.7000e+02     0.0000e+00
      2.060e-01          6.8000e+02     0.0000e+00
      2.060e-01          6.9000e+02     0.0000e+00

      2.450e-01          4.0000e+02     0.0000e+00
      2.450e-01          4.1000e+02     0.0000e+00
      2.450e-01          4.2000e+02     0.0000e+00
      2.450e-01          4.3000e+02     0.0000e+00
      2.450e-01          4.4000e+02     0.0000e+00
      2.450e-01          4.5000e+02     0.0000e+00
      2.450e-01          4.6000e+02     0.0000e+00
      2.450e-01          4.7000e+02     0.0000e+00
      2.450e-01          4.8000e+02     0.0000e+00
      2.450e-01          4.9000e+02     0.0000e+00
      2.450e-01          5.0000e+02     0.0000e+00
      2.450e-01          5.1000e+02     0.0000e+00
      2.450e-01          5.2000e+02     0.0000e+00
      2.450e-01          5.3000e+02     0.0000e+00
      2.450e-01          5.4000e+02     0.0000e+00
      2.450e-01          5.5000e+02     0.0000e+00
      2.450e-01          5.6000e+02     0.0000e+00
      2.450e-01          5.7000e+02     0.0000e+00
      2.450e-01          5.8000e+02     0.0000e+00
      2.450e-01          5.9000e+02     0.0000e+00
      2.450e-01          6.0000e+02     0.0000e+00
      2.450e-01          6.1000e+02     0.0000e+00
      2.450e-01          6.2000e+02     0.0000e+00
      2.450e-01          6.3000e+02     0.0000e+00
      2.450e-01          6.4000e+02     0.0000e+00
      2.450e-01          6.5000e+02     0.0000e+00
      2.450e-01          6.6000e+02     0.0000e+00
      2.450e-01          6.7000e+02     0.0000e+00
      2.450e-01          6.8000e+02     0.0000e+00
      2.450e-01          6.9000e+02     0.0000e+00

      2.840e-01          4.0000e+02     0.0000e+00
      2.840e-01          4.1000e+02     0.0000e+00
      2.840e-01          4.2000e+02     0.0000e+00
      2.840e-01          4.3000e+02     0.0000e+00
      2.840e-01          4.4000e+02     0.0000e+00
      2.840e-01          4.5000e+02     0.0000e+00
      2.840e-01          4.6000e+02     0.0000e+00
      2.840e-01          4.7000e+02     0.0000e+00
      2.840e-01          4.8000e+02     0.0000e+00
      2.840e-01          4.9000e+02     0.0000e+00
      2.840e-01          5.0000e+02     0.0000e+00
      2.840e-01          5.1000e+02     0.0000e+00
      2.840e-01          5.2000e+02     0.0000e+00
      2.840e-01          5.3000e+02     0.0000e+00
      2.840e-01          5.4000e+02     0.0000e+00
      2.840e-01          5.5000e+02     0.0000e+00
      2.840e-01          5.6000e+02     0.0000e+00
      2.840e-01          5.7000e+02     0.0000e+00
      2.840e-01          5.8000e+02     0.0000e+00
      2.840e-01          5.9000e+02     0.0000e+00
      2.840e-01          6.0000e+02     0.0000e+00
      2.840e-01          6.1000e+02     0.0000e+00
      2.840e-01          6.2000e+02     0.0000e+00
      2.840e-01          6.3000e+02     0.0000e+00
      2.840e-01          6.4000e+02     0.0000e+00
      2.840e-01          6.5000e+02     0.0000e+00
      2.840e-01          6.6000e+02     0.0000e+00
      2.840e-01          6.7000e+02     0.0000e+00
      2.840e-01          6.8000e+02     0.0000e+00
      2.840e-01          6.9000e+02     0.0000e+00

      3.230e-01          4.0000e+02     0.0000e+00
      3.230e-01          4.1000e+02     0.0000e+00
      3.230e-01          4.2000e+02     0.0000e+00
      3.230e-01          4.3000e+02     0.0000e+00
      3.230e-01          4.4000e+02     0.0000e+00
      3.230e-01          4.5000e+02     0.0000e+00
      3.230e-01          4.6000e+02     0.0000e+00
      3.230e-01          4.7000e+02     0.0000e+00
      3.230e-01          4.8000e+02     0.0000e+00
      3.230e-01          4.9000e+02     0.0000e+00
      3.230e-01          5.0000e+02     0.0000e+00
      3.230e-01          5.1000e+02     0.0000e+00
      3.230e-01          5.2000e+02     0.0000e+00
      3.230e-01          5.3000e+02     0.0000e+00
      3.230e-01          5.4000e+02     0.0000e+00
      3.230e-01          5.5000e+02     0.0000e+00
      3.230e-01          5.6000e+02     0.0000e+00
      3.230e-01          5.7000e+02     0.0000e+00
      3.230e-01          5.8000e+02     0.0000e+00
      3.230e-01          5.9000e+02     0.0000e+00
      3.230e-01          6.0000e+02     0.0000e+00
      3.230e-01          6.1000e+02     0.0000e+00
      3.230e-01          6.2000e+02     0.0000e+00
      3.230e-01          6.3000e+02     0.0000e+00
      3.230e-01          6.4000e+02     0.0000e+00
      3.230e-01          6.5000e+02     0.0000e+00
      3.230e-01          6.6000e+02     0.0000e+00
      3.230e-01          6.7000e+02     0.0000e+00
      3.230e-01          6.8000e+02     0.0000e+00
      3.230e-01          6.9000e+02     0.0000e+00

      3.620e-01          4.0000e+02     0.0000e+00
      3.620e-01          4.1000e+02     0.0000e+00
      3.620e-01          4.2000e+02     0.0000e+00
      3.620e-01          4.3000e+02     0.0000e+00
      3.620e-01          4.4000e+02     0.0000e+00
      3.620e-01          4.5000e+02     0.0000e+00
      3.620e-01          4.6000e+02     0.0000e+00
      3.620e-01          4.7000e+02     0.0000e+00
      3.620e-01          4.8000e+02     0.0000e+00
      3.620e-01          4.9000e+02     0.0000e+00
      3.620e-01          5.0000e+02     0.0000e+00
      3.620e-01          5.1000e+02     0.0000e+00
      3.620e-01          5.2000e+02     0.0000e+00
      3.620e-01          5.3000e+02     0.0000e+00
      3.620e-01          5.4000e+02     0.0000e+00
      3.620e-01          5.5000e+02     0.0000e+00
      3.620e-01          5.6000e+02     0.0000e+00
      3.620e-01          5.7000e+02     0.0000e+00
      3.620e-01          5.8000e+02     0.0000e+00
      3.620e-01          5.9000e+02     0.0000e+00
      3.620e-01          6.0000e+02     0.0000e+00
      3.620e-01          6.1000e+02     0.0000e+00
      3.620e-01          6.2000e+02     0.0000e+00
      3.620e-01          6.3000e+02     0.0000e+00
      3.620e-01          6.4000e+02     0.0000e+00
      3.620e-01          6.5000e+02     0.0000e+00
      3.620e-01          6.6000e+02     0.0000e+00
      3.620e-01          6.7000e+02     0.0000e+00
      3.620e-01          6.8000e+02     0.0000e+00
      3.620e-01          6.9000e+02     0.0000e+00

      4.010e-01          4.0000e+02     0.0000e+00
      4.010e-01          4.1000e+02     0.0000e+00
      4.010e-01          4.2000e+02     0.0000e+00
      4.010e-01          4.3000e+02     0.0000e+00
      4.010e-01          4.4000e+02     0.0000e+00
      4.010e-01          4.5000e+02     0.0000e+00
      4.010e-01          4.6000e+02     0.0000e+00
      4.010e-01          4.7000e+02     0.0000e+00
      4.010e-01          4.8000e+02     0.0000e+00
      4.010e-01          4.9000e+02     0.0000e+00
      4.010e-01          5.0000e+02     0.0000e+00
      4.010e-01          5.1000e+02     0.0000e+00
      4.010e-01          5.2000e+02     0.0000e+00
      4.010e-01          5.3000e+02     0.0000e+00
      4.010e-01          5.4000e+02     0.0000e+00
      4.010e-01          5.5000e+02     0.0000e+00
      4.010e-01          5.6000e+02     0.0000e+00
      4.010e-01          5.7000e+02     0.0000e+00
      4.010e-01          5.8000e+02     0.0000e+00
      4.010e-01          5.9000e+02     0.0000e+00
      4.010e-01          6.0000e+02     0.0000e+00
      4.010e-01          6.1000e+02     0.0000e+00
      4.010e-01          6.2000e+02     0.0000e+00
      4.010e-01          6.3000e+02     0.0000e+00
      4.010e-01          6.4000e+02     0.0000e+00
      4.010e-01          6.5000e+02     0.0000e+00
      4.010e-01          6.6000e+02     0.0000e+00
      4.010e-01          6.7000e+02     0.0000e+00
      4.010e-01          6.8000e+02     0.0000e+00
      4.010e-01          6.9000e+02     0.0000e+00

      4.400e-01          4.0000e+02     0.0000e+00
      4.400e-01          4.1000e+02     0.0000e+00
      4.400e-01          4.2000e+02     0.0000e+00
      4.400e-01          4.3000e+02     0.0000e+00
      4.400e-01          4.4000e+02     0.0000e+00
      4.400e-01          4.5000e+02     0.0000e+00
      4.400e-01          4.6000e+02     0.0000e+00
      4.400e-01          4.7000e+02     0.0000e+00
      4.400e-01          4.8000e+02     0.0000e+00
      4.400e-01          4.9000e+02     0.0000e+00
      4.400e-01          5.0000e+02     0.0000e+00
      4.400e-01          5.1000e+02     0.0000e+00
      4.400e-01          5.2000e+02     0.0000e+00
      4.400e-01          5.3000e+02     0.0000e+00
      4.400e-01          5.4000e+02     0.0000e+00
      4.400e-01          5.5000e+02     0.0000e+00
      4.400e-01          5.6000e+02     0.0000e+00
      4.400e-01          5.7000e+02     0.0000e+00
      4.400e-01          5.8000e+02     0.0000e+00
      4.400e-01          5.9000e+02     0.0000e+00
      4.400e-01          6.0000e+02     0.0000e+00
      4.400e-01          6.1000e+02     0.0000e+00
      4.400e-01          6.2000e+02     0.0000e+00
      4.400e-01          6.3000e+02     0.0000e+00
      4.400e-01          6.4000e+02     0.0000e+00
      4.400e-01          6.5000e+02     0.0000e+00
      4.400e-01          6.6000e+02     0.0000e+00
      4.400e-01          6.7000e+02     0.0000e+00
      4.400e-01          6.8000e+02     0.0000e+00
      4.400e-01          6.9000e+02     0.0000e+00

      4.790e-01          4.0000e+02     0.0000e+00
      4.790e-01          4.1000e+02     0.0000e+00
      4.790e-01          4.2000e+02     0.0000e+00
      4.790e-01          4.3000e+02     0.0000e+00
      4.790e-01          4.4000e+02     0.0000e+00
      4.790e-01          4.5000e+02     0.0000e+00
      4.790e-01          4.6000e+02     0.0000e+00
      4.790e-01          4.7000e+02     0.0000e+00
      4.790e-01          4.8000e+02     0.0000e+00
      4.790e-01          4.9000e+02     0.0000e+00
      4.790e-01          5.0000e+02     0.0000e+00
      4.790e-01          5.1000e+02     0.0000e+00
      4.790e-01          5.2000e+02     0.0000e+00
      4.790e-01          5.3000e+02     0.0000e+00
      4.790e-01          5.4000e+02     0.0000e+00
      4.790e-01          5.5000e+02     0.0000e+00
      4.790e-01          5.6000e+02     0.0000e+00
      4.790e-01          5.7000e+02     0.0000e+00
      4.790e-01          5.8000e+02     0.0000e+00
      4.790e-01          5.9000e+02     0.0000e+00
      4.790e-01          6.0000e+02     0.0000e+00
      4.790e-01          6.1000e+02     0.0000e+00
      4.790e-01          6.2000e+02     0.0000e+00
      4.790e-01          6.3000e+02     0.0000e+00
      4.790e-01          6.4000e+02     0.0000e+00
      4.790e-01          6.5000e+02     0.0000e+00
      4.790e-01          6.6000e+02     0.0000e+00
      4.790e-01          6.7000e+02     0.0000e+00
      4.790e-01          6.8000e+02     0.0000e+00
      4.790e-01          6.9000e+02     0.0000e+00

      5.180e-01          4.0000e+02     0.0000e+00
      5.180e-01          4.1000e+02     0.0000e+00
      5.180e-01          4.2000e+02     0.0000e+00
      5.180e-01          4.3000e+02     0.0000e+00
      5.180e-01          4.4000e+02     0.0000e+00
      5.180e-01          4.5000e+02     0.0000e+00
      5.180e-01          4.6000e+02     0.0000e+00
      5.180e-01          4.7000e+02     0.0000e+00
      5.180e-01          4.8000e+02     0.0000e+00
      5.180e-01          4.9000e+02     0.0000e+00
      5.180e-01          5.0000e+02     0.0000e+00
      5.180e-01          5.1000e+02     0.0000e+00
      5.180e-01          5.2000e+02     0.0000e+00
      5.180e-01          5.3000e+02     0.0000e+00
      5.180e-01          5.4000e+02     0.0000e+00
      5.180e-01          5.5000e+02     0.0000e+00
      5.180e-01          5.6000e+02     0.0000e+00
      5.180e-01          5.7000e+02     0.0000e+00
      5.180e-01          5.8000e+02     0.0000e+00
      5.180e-01          5.9000e+02     0.0000e+00
      5.180e-01          6.0000e+02     0.0000e+00
      5.180e-01          6.1000e+02     0.0000e+00
      5.180e-01          6.2000e+02     0.0000e+00
      5.180e-01          6.3000e+02     0.0000e+00
      5.180e-01          6.4000e+02     0.0000e+00
      5.180e-01          6.5000e+02     0.0000e+00
      5.180e-01          6.6000e+02     0.0000e+00
      5.180e-01          6.7000e+02     0.0000e+00
      5.180e-01          6.8000e+02     0.0000e+00
      5.180e-01          6.9000e+02     0.0000e+00

      5.570e-01          4.0000e+02     0.0000e+00
      5.570e-01          4.1000e+02     0.0000e+00
      5.570e-01          4.2000e+02     0.0000e+00
      5.570e-01          4.3000e+02     0.0000e+00
      5.570e-01          4.4000e+02     0.0000e+00
      5.570e-01          4.5000e+02     0.0000e+00
      5.570e-01          4.6000e+02     0.0000e+00
      5.570e-01          4.7000e+02     0.0000e+00
      5.570e-01          4.8000e+02     0.0000e+00
      5.570e-01          4.9000e+02     0.0000e+00
      5.570e-01          5.0000e+02     0.0000e+00
      5.570e-01          5.1000e+02     0.0000e+00
      5.570e-01          5.2000e+02     0.0000e+00
      5.570e-01          5.3000e+02     0.0000e+00
      5.570e-01          5.4000e+02     0.0000e+00
      5.570e-01          5.5000e+02     0.0000e+00
      5.570e-01          5.6000e+02     0.0000e+00
      5.570e-01          5.7000e+02     0.0000e+00
      5.570e-01          5.8000e+02     0.0000e+00
      5.570e-01          5.9000e+02     0.0000e+00
      5.570e-01          6.0000e+02     0.0000e+00
      5.570e-01          6.1000e+02     0.0000e+00
      5.570e-01          6.2000e+02     0.0000e+00
      5.570e-01          6.3000e+02     0.0000e+00
      5.570e-01          6.4000e+02     0.0000e+00
      5.570e-01          6.5000e+02     0.0000e+00
      5.570e-01          6.6000e+02     0.0000e+00
      5.570e-01          6.7000e+02     0.0000e+00
      5.570e-01          6.8000e+02     0.0000e+00
      5.570e-01          6.9000e+02     0.0000e+00

      5.960e-01          4.0000e+02     0.0000e+00
      5.960e-01          4.1000e+02     0.0000e+00
      5.960e-01          4.2000e+02     0.0000e+00
      5.960e-01          4.3000e+02     0.0000e+00
      5.960e-01          4.4000e+02     0.0000e+00
      5.960e-01          4.5000e+02     0.0000e+00
      5.960e-01          4.6000e+02     0.0000e+00
      5.960e-01          4.7000e+02     0.0000e+00
      5.960e-01          4.8000e+02     0.0000e+00
      5.960e-01          4.9000e+02     0.0000e+00
      5.960e-01          5.0000e+02     0.0000e+00
      5.960e-01          5.1000e+02     0.0000e+00
      5.960e-01          5.2000e+02     0.0000e+00
      5.960e-01          5.3000e+02     0.0000e+00
      5.960e-01          5.4000e+02     0.0000e+00
      5.960e-01          5.5000e+02     0.0000e+00
      5.960e-01          5.6000e+02     0.0000e+00
      5.960e-01          5.7000e+02     0.0000e+00
      5.960e-01          5.8000e+02     0.0000e+00
      5.960e-01          5.9000e+02     0.0000e+00
      5.960e-01          6.0000e+02     0.0000e+00
      5.960e-01          6.1000e+02     0.0000e+00
      5.960e-01          6.2000e+02     0.0000e+00
      5.960e-01          6.3000e+02     0.0000e+00
      5.960e-01          6.4000e+02     0.0000e+00
      5.960e-01          6.5000e+02     0.0000e+00
      5.960e-01          6.6000e+02     0.0000e+00
      5.960e-01          6.7000e+02     0.0000e+00
      5.960e-01          6.8000e+02     0.0000e+00
      5.960e-01          6.9000e+02     0.0000e+00

      6.350e-01          4.0000e+02     0.0000e+00
      6.350e-01          4.1000e+02     0.0000e+00
      6.350e-01          4.2000e+02     0.0000e+00
      6.350e-01          4.3000e+02     0.0000e+00
      6.350e-01          4.4000e+02     0.0000e+00
      6.350e-01          4.5000e+02     0.0000e+00
      6.350e-01          4.6000e+02     0.0000e+00
      6.350e-01          4.7000e+02     0.0000e+00
      6.350e-01          4.8000e+02     0.0000e+00
      6.350e-01          4.9000e+02     0.0000e+00
      6.350e-01          5.0000e+02     0.0000e+00
      6.350e-01          5.1000e+02     0.0000e+00
      6.350e-01          5.2000e+02     0.0000e+00
      6.350e-01          5.3000e+02     0.0000e+00
      6.350e-01          5.4000e+02     0.0000e+00
      6.350e-01          5.5000e+02     0.0000e+00
      6.350e-01          5.6000e+02     0.0000e+00
      6.350e-01          5.7000e+02     0.0000e+00
      6.350e-01          5.8000e+02     0.0000e+00
      6.350e-01          5.9000e+02     0.0000e+00
      6.350e-01          6.0000e+02     0.0000e+00
      6.350e-01          6.1000e+02     0.0000e+00
      6.350e-01          6.2000e+02     0.0000e+00
      6.350e-01          6.3000e+02     0.0000e+00
      6.350e-01          6.4000e+02     0.0000e+00
      6.350e-01          6.5000e+02     0.0000e+00
      6.350e-01          6.6000e+02     0.0000e+00
      6.350e-01          6.7000e+02     0.0000e+00
      6.350e-01          6.8000e+02     0.0000e+00
      6.350e-01          6.9000e+02     0.0000e+00

      6.740e-01          4.0000e+02     0.0000e+00
      6.740e-01          4.1000e+02     0.0000e+00
      6.740e-01          4.2000e+02     0.0000e+00
      6.740e-01          4.3000e+02     0.0000e+00
      6.740e-01          4.4000e+02     0.0000e+00
      6.740e-01          4.5000e+02     0.0000e+00
      6.740e-01          4.6000e+02     0.0000e+00
      6.740e-01          4.7000e+02     0.0000e+00
      6.740e-01          4.8000e+02     0.0000e+00
      6.740e-01          4.9000e+02     0.0000e+00
      6.740e-01          5.0000e+02     0.0000e+00
      6.740e-01          5.1000e+02     0.0000e+00
      6.740e-01          5.2000e+02     0.0000e+00
      6.740e-01          5.3000e+02     0.0000e+00
      6.740e-01          5.4000e+02     0.0000e+00
      6.740e-01          5.5000e+02     0.0000e+00
      6.740e-01          5.6000e+02     0.0000e+00
      6.740e-01          5.7000e+02     0.0000e+00
      6.740e-01          5.8000e+02     0.0000e+00
      6.740e-01          5.9000e+02     0.0000e+00
      6.740e-01          6.0000e+02     0.0000e+00
      6.740e-01          6.1000e+02     0.0000e+00
      6.740e-01          6.2000e+02     0.0000e+00
      6.740e-01          6.3000e+02     0.0000e+00
      6.740e-01          6.4000e+02     0.0000e+00
      6.740e-01          6.5000e+02     0.0000e+00
      6.740e-01          6.6000e+02     0.0000e+00
      6.740e-01          6.7000e+02     0.0000e+00
      6.740e-01          6.8000e+02     0.0000e+00
      6.740e-01          6.9000e+02     0.0000e+00

      7.130e-01          4.0000e+02     0.0000e+00
      7.130e-01          4.1000e+02     0.0000e+00
      7.130e-01          4.2000e+02     0.0000e+00
      7.130e-01          4.3000e+02     0.0000e+00
      7.130e-01          4.4000e+02     0.0000e+00
      7.130e-01          4.5000e+02     0.0000e+00
      7.130e-01          4.6000e+02     0.0000e+00
      7.130e-01          4.7000e+02     0.0000e+00
      7.130e-01          4.8000e+02     0.0000e+00
      7.130e-01          4.9000e+02     0.0000e+00
      7.130e-01          5.0000e+02     0.0000e+00
      7.130e-01          5.1000e+02     0.0000e+00
      7.130e-01          5.2000e+02     0.0000e+00
      7.130e-01          5.3000e+02     0.0000e+00
      7.130e-01          5.4000e+02     0.0000e+00
      7.130e-01          5.5000e+02     0.0000e+00
      7.130e-01          5.6000e+02     0.0000e+00
      7.130e-01          5.7000e+02     0.0000e+00
      7.130e-01          5.8000e+02     0.0000e+00
      7.130e-01          5.9000e+02     0.0000e+00
      7.130e-01          6.0000e+02     0.0000e+00
      7.130e-01          6.1000e+02     0.0000e+00
      7.130e-01          6.2000e+02     0.0000e+00
      7.130e-01          6.3000e+02     0.0000e+00
      7.130e-01          6.4000e+02     0.0000e+00
      7.130e-01          6.5000e+02     0.0000e+00
      7.130e-01          6.6000e+02     0.0000e+00
      7.130e-01          6.7000e+02     0.0000e+00
      7.130e-01          6.8000e+02     0.0000e+00
      7.130e-01          6.9000e+02     0.0000e+00

      7.520e-01          4.0000e+02     0.0000e+00
      7.520e-01          4.1000e+02     0.0000e+00
      7.520e-01          4.2000e+02     0.0000e+00
      7.520e-01          4.3000e+02     0.0000e+00
      7.520e-01          4.4000e+02     0.0000e+00
      7.520e-01          4.5000e+02     0.0000e+00
      7.520e-01          4.6000e+02     0.0000e+00
      7.520e-01          4.7000e+02     0.0000e+00
      7.520e-01          4.8000e+02     0.0000e+00
      7.520e-01          4.9000e+02     0.0000e+00
      7.520e-01          5.0000e+02     0.0000e+00
      7.520e-01          5.1000e+02     0.0000e+00
      7.520e-01          5.2000e+02     0.0000e+00
      7.520e-01          5.3000e+02     0.0000e+00
      7.520e-01          5.4000e+02     0.0000e+00
      7.520e-01          5.5000e+02     0.0000e+00
      7.520e-01          5.6000e+02     0.0000e+00
      7.520e-01          5.7000e+02     0.0000e+00
      7.520e-01          5.8000e+02     0.0000e+00
      7.520e-01          5.9000e+02     0.0000e+00
      7.520e-01          6.0000e+02     0.0000e+00
      7.520e-01          6.1000e+02     0.0000e+00
      7.520e-01          6.2000e+02     0.0000e+00
      7.520e-01          6.3000e+02     0.0000e+00
      7.520e-01          6.4000e+02     0.0000e+00
      7.520e-01          6.5000e+02     0.0000e+00
      7.520e-01          6.6000e+02     0.0000e+00
      7.520e-01          6.7000e+02     0.0000e+00
      7.520e-01          6.8000e+02     0.0000e+00
      7.520e-01          6.9000e+02     0.0000e+00

      7.910e-01          4.0000e+02     0.0000e+00
      7.910e-01          4.1000e+02     0.0000e+00
      7.910e-01          4.2000e+02     0.0000e+00
      7.910e-01          4.3000e+02     0.0000e+00
      7.910e-01          4.4000e+02     0.0000e+00
      7.910e-01          4.5000e+02     0.0000e+00
      7.910e-01          4.6000e+02     0.0000e+00
      7.910e-01          4.7000e+02     0.0000e+00
      7.910e-01          4.8000e+02     0.0000e+00
      7.910e-01          4.9000e+02     0.0000e+00
      7.910e-01          5.0000e+02     0.0000e+00
      7.910e-01          5.1000e+02     0.0000e+00
      7.910e-01          5.2000e+02     0.0000e+00
      7.910e-01          5.3000e+02     0.0000e+00
      7.910e-01          5.4000e+02     0.0000e+00
      7.910e-01          5.5000e+02     0.0000e+00
      7.910e-01          5.6000e+02     0.0000e+00
      7.910e-01          5.7000e+02     0.0000e+00
      7.910e-01          5.8000e+02     0.0000e+00
      7.910e-01          5.9000e+02     0.0000e+00
      7.910e-01          6.0000e+02     0.0000e+00
      7.910e-01          6.1000e+02     0.0000e+00
      7.910e-01          6.2000e+02     0.0000e+00
      7.910e-01          6.3000e+02     0.0000e+00
      7.910e-01          6.4000e+02     0.0000e+00
      7.910e-01          6.5000e+02     0.0000e+00
      7.910e-01          6.6000e+02     0.0000e+00
      7.910e-01          6.7000e+02     0.0000e+00
      7.910e-01          6.8000e+02     0.0000e+00
      7.910e-01          6.9000e+02     0.0000e+00

      8.300e-01          4.0000e+02     0.0000e+00
      8.300e-01          4.1000e+02     0.0000e+00
      8.300e-01          4.2000e+02     0.0000e+00
      8.300e-01          4.3000e+02     0.0000e+00
      8.300e-01          4.4000e+02     0.0000e+00
      8.300e-01          4.5000e+02     0.0000e+00
      8.300e-01          4.6000e+02     0.0000e+00
      8.300e-01          4.7000e+02     0.0000e+00
      8.300e-01          4.8000e+02     0.0000e+00
      8.300e-01          4.9000e+02     0.0000e+00
      8.300e-01          5.0000e+02     0.0000e+00
      8.300e-01          5.1000e+02     0.0000e+00
      8.300e-01          5.2000e+02     0.0000e+00
      8.300e-01          5.3000e+02     0.0000e+00
      8.300e-01          5.4000e+02     0.0000e+00
      8.300e-01          5.5000e+02     0.0000e+00
      8.300e-01          5.6000e+02     0.0000e+00
      8.300e-01          5.7000e+02     0.0000e+00
      8.300e-01          5.8000e+02     0.0000e+00
      8.300e-01          5.9000e+02     0.0000e+00
      8.300e-01          6.0000e+02     0.0000e+00
      8.300e-01          6.1000e+02     0.0000e+00
      8.300e-01          6.2000e+02     0.0000e+00
      8.300e-01          6.3000e+02     0.0000e+00
      8.300e-01          6.4000e+02     0.0000e+00
      8.300e-01          6.5000e+02     0.0000e+00
      8.300e-01          6.6000e+02     0.0000e+00
      8.300e-01          6.7000e+02     0.0000e+00
      8.300e-01          6.8000e+02     0.0000e+00
      8.300e-01          6.9000e+02     0.0000e+00

      8.690e-01          4.0000e+02     0.0000e+00
      8.690e-01          4.1000e+02     0.0000e+00
      8.690e-01          4.2000e+02     0.0000e+00
      8.690e-01          4.3000e+02     0.0000e+00
      8.690e-01          4.4000e+02     0.0000e+00
      8.690e-01          4.5000e+02     0.0000e+00
      8.690e-01          4.6000e+02     0.0000e+00
      8.690e-01          4.7000e+02     0.0000e+00
      8.690e-01          4.8000e+02     0.0000e+00
      8.690e-01          4.9000e+02     0.0000e+00
      8.690e-01          5.0000e+02     0.0000e+00
      8.690e-01          5.1000e+02     0.0000e+00
      8.690e-01          5.2000e+02     0.0000e+00
      8.690e-01          5.3000e+02     0.0000e+00
      8.690e-01          5.4000e+02     0.0000e+00
      8.690e-01          5.5000e+02     0.0000e+00
      8.690e-01          5.6000e+02     0.0000e+00
      8.690e-01          5.7000e+02     0.0000e+00
      8.690e-01          5.8000e+02     0.0000e+00
      8.690e-01          5.9000e+02     0.0000e+00
      8.690e-01          6.0000e+02     0.0000e+00
      8.690e-01          6.1000e+02     0.0000e+00
      8.690e-01          6.2000e+02     0.0000e+00
      8.690e-01          6.3000e+02     0.0000e+00
      8.690e-01          6.4000e+02     0.0000e+00
      8.690e-01          6.5000e+02     0.0000e+00
      8.690e-01          6.6000e+02     0.0000e+00
      8.690e-01          6.7000e+02     0.0000e+00
      8.690e-01          6.8000e+02     0.0000e+00
      8.690e-01          6.9000e+02     0.0000e+00

      9.080e-01          4.0000e+02     0.0000e+00
      9.080e-01          4.1000e+02     0.0000e+00
      9.080e-01          4.2000e+02     0.0000e+00
      9.080e-01          4.3000e+02     0.0000e+00
      9.080e-01          4.4000e+02     0.0000e+00
      9.080e-01          4.5000e+02     0.0000e+00
      9.080e-01          4.6000e+02     0.0000e+00
      9.080e-01          4.7000e+02     0.0000e+00
      9.080e-01          4.8000e+02     0.0000e+00
      9.080e-01          4.9000e+02     0.0000e+00
      9.080e-01          5.0000e+02     0.0000e+00
      9.080e-01          5.1000e+02     0.0000e+00
      9.080e-01          5.2000e+02     0.0000e+00
      9.080e-01          5.3000e+02     0.0000e+00
      9.080e-01          5.4000e+02     0.0000e+00
      9.080e-01          5.5000e+02     0.0000e+00
      9.080e-01          5.6000e+02     0.0000e+00
      9.080e-01          5.7000e+02     0.0000e+00
      9.080e-01          5.8000e+02     0.0000e+00
      9.080e-01          5.9000e+02     0.0000e+00
      9.080e-01          6.0000e+02     0.0000e+00
      9.080e-01          6.1000e+02     0.0000e+00
      9.080e-01          6.2000e+02     0.0000e+00
      9.080e-01          6.3000e+02     0.0000e+00
      9.080e-01          6.4000e+02     0.0000e+00
      9.080e-01          6.5000e+02     0.0000e+00
      9.080e-01          6.6000e+02     0.0000e+00
      9.080e-01          6.7000e+02     0.0000e+00
      9.080e-01          6.8000e+02     0.0000e+00
      9.080e-01          6.9000e+02     0.0000e+00

      9.470e-01          4.0000e+02     0.0000e+00
      9.470e-01          4.1000e+02     0.0000e+00
      9.470e-01          4.2000e+02     0.0000e+00
      9.470e-01          4.3000e+02     0.0000e+00
      9.470e-01          4.4000e+02     0.0000e+00
      9.470e-01          4.5000e+02     0.0000e+00
      9.470e-01          4.6000e+02     0.0000e+00
      9.470e-01          4.7000e+02     0.0000e+00
      9.470e-01          4.8000e+02     0.0000e+00
      9.470e-01          4.9000e+02     0.0000e+00
      9.470e-01          5.0000e+02     0.0000e+00
      9.470e-01          5.1000e+02     0.0000e+00
      9.470e-01          5.2000e+02     0.0000e+00
      9.470e-01          5.3000e+02     0.0000e+00
      9.470e-01          5.4000e+02     0.0000e+00
      9.470e-01          5.5000e+02     0.0000e+00
      9.470e-01          5.6000e+02     0.0000e+00
      9.470e-01          5.7000e+02     0.0000e+00
      9.470e-01          5.8000e+02     0.0000e+00
      9.470e-01          5.9000e+02     0.0000e+00
      9.470e-01          6.0000e+02     0.0000e+00
      9.470e-01          6.1000e+02     0.0000e+00
      9.470e-01          6.2000e+02     0.0000e+00
      9.470e-01          6.3000e+02     0.0000e+00
      9.470e-01          6.4000e+02     0.0000e+00
      9.470e-01          6.5000e+02     0.0000e+00
      9.470e-01          6.6000e+02     0.0000e+00
      9.470e-01          6.7000e+02     0.0000e+00
      9.470e-01          6.8000e+02     0.0000e+00
      9.470e-01          6.9000e+02     0.0000e+00

      9.860e-01          4.0000e+02     0.0000e+00
      9.860e-01          4.1000e+02     0.0000e+00
      9.860e-01          4.2000e+02     0.0000e+00
      9.860e-01          4.3000e+02     0.0000e+00
      9.860e-01          4.4000e+02     0.0000e+00
      9.860e-01          4.5000e+02     0.0000e+00
      9.860e-01          4.6000e+02     0.0000e+00
      9.860e-01          4.7000e+02     0.0000e+00
      9.860e-01          4.8000e+02     0.0000e+00
      9.860e-01          4.9000e+02     0.0000e+00
      9.860e-01          5.0000e+02     0.0000e+00
      9.860e-01          5.1000e+02     0.0000e+00
      9.860e-01          5.2000e+02     0.0000e+00
      9.860e-01          5.3000e+02     0.0000e+00
      9.860e-01          5.4000e+02     0.0000e+00
      9.860e-01          5.5000e+02     0.0000e+00
      9.860e-01          5.6000e+02     0.0000e+00
      9.860e-01          5.7000e+02     0.0000e+00
      9.860e-01          5.8000e+02     0.0000e+00
      9.860e-01          5.9000e+02     0.0000e+00
      9.860e-01          6.0000e+02     0.0000e+00
      9.860e-01          6.1000e+02     0.0000e+00
      9.860e-01          6.2000e+02     0.0000e+00
      9.860e-01          6.3000e+02     0.0000e+00
      9.860e-01          6.4000e+02     0.0000e+00
      9.860e-01          6.5000e+02     0.0000e+00
      9.860e-01          6.6000e+02     0.0000e+00
      9.860e-01          6.7000e+02     0.0000e+00
      9.860e-01          6.8000e+02     0.0000e+00
      9.860e-01          6.9000e+02     0.0000e+00

      1.025e+00          4.0000e+02     0.0000e+00
      1.025e+00          4.1000e+02     0.0000e+00
      1.025e+00          4.2000e+02     0.0000e+00
      1.025e+00          4.3000e+02     0.0000e+00
      1.025e+00          4.4000e+02     0.0000e+00
      1.025e+00          4.5000e+02     0.0000e+00
      1.025e+00          4.6000e+02     0.0000e+00
      1.025e+00          4.7000e+02     0.0000e+00
      1.025e+00          4.8000e+02     0.0000e+00
      1.025e+00          4.9000e+02     0.0000e+00
      1.025e+00          5.0000e+02     0.0000e+00
      1.025e+00          5.1000e+02     0.0000e+00
      1.025e+00          5.2000e+02     0.0000e+00
      1.025e+00          5.3000e+02     0.0000e+00
      1.025e+00          5.4000e+02     0.0000e+00
      1.025e+00          5.5000e+02     0.0000e+00
      1.025e+00          5.6000e+02     0.0000e+00
      1.025e+00          5.7000e+02     0.0000e+00
      1.025e+00          5.8000e+02     0.0000e+00
      1.025e+00          5.9000e+02     0.0000e+00
      1.025e+00          6.0000e+02     0.0000e+00
      1.025e+00          6.1000e+02     0.0000e+00
      1.025e+00          6.2000e+02     0.0000e+00
      1.025e+00          6.3000e+02     0.0000e+00
      1.025e+00          6.4000e+02     0.0000e+00
      1.025e+00          6.5000e+02     0.0000e+00
      1.025e+00          6.6000e+02     0.0000e+00
      1.025e+00          6.7000e+02     0.0000e+00
      1.025e+00          6.8000e+02     0.0000e+00
      1.025e+00          6.9000e+02     0.0000e+00

      1.064e+00          4.0000e+02     0.0000e+00
      1.064e+00          4.1000e+02     0.0000e+00
      1.064e+00          4.2000e+02     0.0000e+00
      1.064e+00          4.3000e+02     0.0000e+00
      1.064e+00          4.4000e+02     0.0000e+00
      1.064e+00          4.5000e+02     0.0000e+00
      1.064e+00          4.6000e+02     0.0000e+00
      1.064e+00          4.7000e+02     0.0000e+00
      1.064e+00          4.8000e+02     0.0000e+00
      1.064e+00          4.9000e+02     0.0000e+00
      1.064e+00          5.0000e+02     0.0000e+00
      1.064e+00          5.1000e+02     0.0000e+00
      1.064e+00          5.2000e+02     0.0000e+00
      1.064e+00          5.3000e+02     0.0000e+00
      1.064e+00          5.4000e+02     0.0000e+00
      1.064e+00          5.5000e+02     0.0000e+00
      1.064e+00          5.6000e+02     0.0000e+00
      1.064e+00          5.7000e+02     0.0000e+00
      1.064e+00          5.8000e+02     0.0000e+00
      1.064e+00          5.9000e+02     0.0000e+00
      1.064e+00          6.0000e+02     0.0000e+00
      1.064e+00          6.1000e+02     0.0000e+00
      1.064e+00          6.2000e+02     0.0000e+00
      1.064e+00          6.3000e+02     0.0000e+00
      1.064e+00          6.4000e+02     0.0000e+00
      1.064e+00          6.5000e+02     0.0000e+00
      1.064e+00          6.6000e+02     0.0000e+00
      1.064e+00          6.7000e+02     0.0000e+00
      1.064e+00          6.8000e+02     0.0000e+00
      1.064e+00          6.9000e+02     0.0000e+00

      1.103e+00          4.0000e+02     0.0000e+00
      1.103e+00          4.1000e+02     0.0000e+00
      1.103e+00          4.2000e+02     0.0000e+00
      1.103e+00          4.3000e+02     0.0000e+00
      1.103e+00          4.4000e+02     0.0000e+00
      1.103e+00          4.5000e+02     0.0000e+00
      1.103e+00          4.6000e+02     0.0000e+00
      1.103e+00          4.7000e+02     0.0000e+00
      1.103e+00          4.8000e+02     0.0000e+00
      1.103e+00          4.9000e+02     0.0000e+00
      1.103e+00          5.0000e+02     0.0000e+00
      1.103e+00          5.1000e+02     0.0000e+00
      1.103e+00          5.2000e+02     0.0000e+00
      1.103e+00          5.3000e+02     0.0000e+00
      1.103e+00          5.4000e+02     0.0000e+00
      1.103e+00          5.5000e+02     0.0000e+00
      1.103e+00          5.6000e+02     0.0000e+00
      1.103e+00          5.7000e+02     0.0000e+00
      1.103e+00          5.8000e+02     0.0000e+00
      1.103e+00          5.9000e+02     0.0000e+00
      1.103e+00          6.0000e+02     0.0000e+00
      1.103e+00          6.1000e+02     0.0000e+00
      1.103e+00          6.2000e+02     0.0000e+00
      1.103e+00          6.3000e+02     0.0000e+00
      1.103e+00          6.4000e+02     0.0000e+00
      1.103e+00          6.5000e+02     0.0000e+00
      1.103e+00          6.6000e+02     0.0000e+00
      1.103e+00          6.7000e+02     0.0000e+00
      1.103e+00          6.8000e+02     0.0000e+00
      1.103e+00          6.9000e+02     0.0000e+00

      1.142e+00          4.0000e+02     0.0000e+00
      1.142e+00          4.1000e+02     0.0000e+00
      1.142e+00          4.2000e+02     0.0000e+00
      1.142e+00          4.3000e+02     0.0000e+00
      1.142e+00          4.4000e+02     0.0000e+00
      1.142e+00          4.5000e+02     0.0000e+00
      1.142e+00          4.6000e+02     0.0000e+00
      1.142e+00          4.7000e+02     0.0000e+00
      1.142e+00          4.8000e+02     0.0000e+00
      1.142e+00          4.9000e+02     0.0000e+00
      1.142e+00          5.0000e+02     0.0000e+00
      1.142e+00          5.1000e+02     0.0000e+00
      1.142e+00          5.2000e+02     0.0000e+00
      1.142e+00          5.3000e+02     0.0000e+00
      1.142e+00          5.4000e+02     0.0000e+00
      1.142e+00          5.5000e+02     0.0000e+00
      1.142e+00          5.6000e+02     0.0000e+00
      1.142e+00          5.7000e+02     0.0000e+00
      1.142e+00          5.8000e+02     0.0000e+00
      1.142e+00          5.9000e+02     0.0000e+00
      1.142e+00          6.0000e+02     0.0000e+00
      1.142e+00          6.1000e+02     0.0000e+00
      1.142e+00          6.2000e+02     0.0000e+00
      1.142e+00          6.3000e+02     0.0000e+00
      1.142e+00          6.4000e+02     0.0000e+00
      1.142e+00          6.5000e+02     0.0000e+00
      1.142e+00          6.6000e+02     0.0000e+00
      1.142e+00          6.7000e+02     0.0000e+00
      1.142e+00          6.8000e+02     0.0000e+00
      1.142e+00          6.9000e+02     0.0000e+00

      1.181e+00          4.0000e+02     0.0000e+00
      1.181e+00          4.1000e+02     0.0000e+00
      1.181e+00          4.2000e+02     0.0000e+00
      1.181e+00          4.3000e+02     0.0000e+00
      1.181e+00          4.4000e+02     0.0000e+00
      1.181e+00          4.5000e+02     0.0000e+00
      1.181e+00          4.6000e+02     0.0000e+00
      1.181e+00          4.7000e+02     0.0000e+00
      1.181e+00          4.8000e+02     0.0000e+00
      1.181e+00          4.9000e+02     0.0000e+00
      1.181e+00          5.0000e+02     0.0000e+00
      1.181e+00          5.1000e+02     0.0000e+00
      1.181e+00          5.2000e+02     0.0000e+00
      1.181e+00          5.3000e+02     0.0000e+00
      1.181e+00          5.4000e+02     0.0000e+00
      1.181e+00          5.5000e+02     0.0000e+00
      1.181e+00          5.6000e+02     0.0000e+00
      1.181e+00          5.7000e+02     0.0000e+00
      1.181e+00          5.8000e+02     0.0000e+00
      1.181e+00          5.9000e+02     0.0000e+00
      1.181e+00          6.0000e+02     0.0000e+00
      1.181e+00          6.1000e+02     0.0000e+00
      1.181e+00          6.2000e+02     0.0000e+00
      1.181e+00          6.3000e+02     0.0000e+00
      1.181e+00          6.4000e+02     0.0000e+00
      1.181e+00          6.5000e+02     0.0000e+00
      1.181e+00          6.6000e+02     0.0000e+00
      1.181e+00          6.7000e+02     0.0000e+00
      1.181e+00          6.8000e+02     0.0000e+00
      1.181e+00          6.9000e+02     0.0000e+00

      1.220e+00          4.0000e+02     0.0000e+00
      1.220e+00          4.1000e+02     0.0000e+00
      1.220e+00          4.2000e+02     0.0000e+00
      1.220e+00          4.3000e+02     0.0000e+00
      1.220e+00          4.4000e+02     0.0000e+00
      1.220e+00          4.5000e+02     0.0000e+00
      1.220e+00          4.6000e+02     0.0000e+00
      1.220e+00          4.7000e+02     0.0000e+00
      1.220e+00          4.8000e+02     0.0000e+00
      1.220e+00          4.9000e+02     0.0000e+00
      1.220e+00          5.0000e+02     0.0000e+00
      1.220e+00          5.1000e+02     0.0000e+00
      1.220e+00          5.2000e+02     0.0000e+00
      1.220e+00          5.3000e+02     0.0000e+00
      1.220e+00          5.4000e+02     0.0000e+00
      1.220e+00          5.5000e+02     0.0000e+00
      1.220e+00          5.6000e+02     0.0000e+00
      1.220e+00          5.7000e+02     0.0000e+00
      1.220e+00          5.8000e+02     0.0000e+00
      1.220e+00          5.9000e+02     0.0000e+00
      1.220e+00          6.0000e+02     0.0000e+00
      1.220e+00          6.1000e+02     0.0000e+00
      1.220e+00          6.2000e+02     0.0000e+00
      1.220e+00          6.3000e+02     0.0000e+00
      1.220e+00          6.4000e+02     0.0000e+00
      1.220e+00          6.5000e+02     0.0000e+00
      1.220e+00          6.6000e+02     0.0000e+00
      1.220e+00          6.7000e+02     0.0000e+00
      1.220e+00          6.8000e+02     0.0000e+00
      1.220e+00          6.9000e+02     0.0000e+00

      1.259e+00          4.0000e+02     0.0000e+00
      1.259e+00          4.1000e+02     0.0000e+00
      1.259e+00          4.2000e+02     0.0000e+00
      1.259e+00          4.3000e+02     0.0000e+00
      1.259e+00          4.4000e+02     0.0000e+00
      1.259e+00          4.5000e+02     0.0000e+00
      1.259e+00          4.6000e+02     0.0000e+00
      1.259e+00          4.7000e+02     0.0000e+00
      1.259e+00          4.8000e+02     0.0000e+00
      1.259e+00          4.9000e+02     0.0000e+00
      1.259e+00          5.0000e+02     0.0000e+00
      1.259e+00          5.1000e+02     0.0000e+00
      1.259e+00          5.2000e+02     0.0000e+00
      1.259e+00          5.3000e+02     0.0000e+00
      1.259e+00          5.4000e+02     0.0000e+00
      1.259e+00          5.5000e+02     0.0000e+00
      1.259e+00          5.6000e+02     0.0000e+00
      1.259e+00          5.7000e+02     0.0000e+00
      1.259e+00          5.8000e+02     0.0000e+00
      1.259e+00          5.9000e+02     0.0000e+00
      1.259e+00          6.0000e+02     0.0000e+00
      1.259e+00          6.1000e+02     0.0000e+00
      1.259e+00          6.2000e+02     0.0000e+00
      1.259e+00          6.3000e+02     0.0000e+00
      1.259e+00          6.4000e+02     0.0000e+00
      1.259e+00          6.5000e+02     0.0000e+00
      1.259e+00          6.6000e+02     0.0000e+00
      1.259e+00          6.7000e+02     0.0000e+00
      1.259e+00          6.8000e+02     0.0000e+00
      1.259e+00          6.9000e+02     0.0000e+00

      1.298e+00          4.0000e+02     0.0000e+00
      1.298e+00          4.1000e+02     0.0000e+00
      1.298e+00          4.2000e+02     0.0000e+00
      1.298e+00          4.3000e+02     0.0000e+00
      1.298e+00          4.4000e+02     0.0000e+00
      1.298e+00          4.5000e+02     0.0000e+00
      1.298e+00          4.6000e+02     0.0000e+00
      1.298e+00          4.7000e+02     0.0000e+00
      1.298e+00          4.8000e+02     0.0000e+00
      1.298e+00          4.9000e+02     0.0000e+00
      1.298e+00          5.0000e+02     0.0000e+00
      1.298e+00          5.1000e+02     0.0000e+00
      1.298e+00          5.2000e+02     0.0000e+00
      1.298e+00          5.3000e+02     0.0000e+00
      1.298e+00          5.4000e+02     0.0000e+00
      1.298e+00          5.5000e+02     0.0000e+00
      1.298e+00          5.6000e+02     0.0000e+00
      1.298e+00          5.7000e+02     0.0000e+00
      1.298e+00          5.8000e+02     0.0000e+00
      1.298e+00          5.9000e+02     0.0000e+00
      1.298e+00          6.0000e+02     0.0000e+00
      1.298e+00          6.1000e+02     0.0000e+00
      1.298e+00          6.2000e+02     0.0000e+00
      1.298e+00          6.3000e+02     0.0000e+00
      1.298e+00          6.4000e+02     0.0000e+00
      1.298e+00          6.5000e+02     0.0000e+00
      1.298e+00          6.6000e+02     0.0000e+00
      1.298e+00          6.7000e+02     0.0000e+00
      1.298e+00          6.8000e+02     0.0000e+00
      1.298e+00          6.9000e+02     0.0000e+00

      1.337e+00          4.0000e+02     0.0000e+00
      1.337e+00          4.1000e+02     0.0000e+00
      1.337e+00          4.2000e+02     0.0000e+00
      1.337e+00          4.3000e+02     0.0000e+00
      1.337e+00          4.4000e+02     0.0000e+00
      1.337e+00          4.5000e+02     0.0000e+00
      1.337e+00          4.6000e+02     0.0000e+00
      1.337e+00          4.7000e+02     0.0000e+00
      1.337e+00          4.8000e+02     0.0000e+00
      1.337e+00          4.9000e+02     0.0000e+00
      1.337e+00          5.0000e+02     0.0000e+00
      1.337e+00          5.1000e+02     0.0000e+00
      1.337e+00          5.2000e+02     0.0000e+00
      1.337e+00          5.3000e+02     0.0000e+00
      1.337e+00          5.4000e+02     0.0000e+00
      1.337e+00          5.5000e+02     0.0000e+00
      1.337e+00          5.6000e+02     0.0000e+00
      1.337e+00          5.7000e+02     0.0000e+00
      1.337e+00          5.8000e+02     0.0000e+00
      1.337e+00          5.9000e+02     0.0000e+00
      1.337e+00          6.0000e+02     0.0000e+00
      1.337e+00          6.1000e+02     0.0000e+00
      1.337e+00          6.2000e+02     0.0000e+00
      1.337e+00          6.3000e+02     0.0000e+00
      1.337e+00          6.4000e+02     0.0000e+00
      1.337e+00          6.5000e+02     0.0000e+00
      1.337e+00          6.6000e+02     0.0000e+00
      1.337e+00          6.7000e+02     0.0000e+00
      1.337e+00          6.8000e+02     0.0000e+00
      1.337e+00          6.9000e+02     0.0000e+00

      1.376e+00          4.0000e+02     0.0000e+00
      1.376e+00          4.1000e+02     0.0000e+00
      1.376e+00          4.2000e+02     0.0000e+00
      1.376e+00          4.3000e+02     0.0000e+00
      1.376e+00          4.4000e+02     0.0000e+00
      1.376e+00          4.5000e+02     0.0000e+00
      1.376e+00          4.6000e+02     0.0000e+00
      1.376e+00          4.7000e+02     0.0000e+00
      1.376e+00          4.8000e+02     0.0000e+00
      1.376e+00          4.9000e+02     0.0000e+00
      1.376e+00          5.0000e+02     0.0000e+00
      1.376e+00          5.1000e+02     0.0000e+00
      1.376e+00          5.2000e+02     0.0000e+00
      1.376e+00          5.3000e+02     0.0000e+00
      1.376e+00          5.4000e+02     0.0000e+00
      1.376e+00          5.5000e+02     0.0000e+00
      1.376e+00          5.6000e+02     0.0000e+00
      1.376e+00          5.7000e+02     0.0000e+00
      1.376e+00          5.8000e+02     0.0000e+00
      1.376e+00          5.9000e+02     0.0000e+00
      1.376e+00          6.0000e+02     0.0000e+00
      1.376e+00          6.1000e+02     0.0000e+00
      1.376e+00          6.2000e+02     0.0000e+00
      1.376e+00          6.3000e+02     0.0000e+00
      1.376e+00          6.4000e+02     0.0000e+00
      1.376e+00          6.5000e+02     0.0000e+00
      1.376e+00          6.6000e+02     0.0000e+00
      1.376e+00          6.7000e+02     0.0000e+00
      1.376e+00          6.8000e+02     0.0000e+00
      1.376e+00          6.9000e+02     0.0000e+00

      1.415e+00          4.0000e+02     0.0000e+00
      1.415e+00          4.1000e+02     0.0000e+00
      1.415e+00          4.2000e+02     0.0000e+00
      1.415e+00          4.3000e+02     0.0000e+00
      1.415e+00          4.4000e+02     0.0000e+00
      1.415e+00          4.5000e+02     0.0000e+00
      1.415e+00          4.6000e+02     0.0000e+00
      1.415e+00          4.7000e+02     0.0000e+00
      1.415e+00          4.8000e+02     0.0000e+00
      1.415e+00          4.9000e+02     0.0000e+00
      1.415e+00          5.0000e+02     0.0000e+00
      1.415e+00          5.1000e+02     0.0000e+00
      1.415e+00          5.2000e+02     0.0000e+00
      1.415e+00          5.3000e+02     0.0000e+00
      1.415e+00          5.4000e+02     0.0000e+00
      1.415e+00          5.5000e+02     0.0000e+00
      1.415e+00          5.6000e+02     0.0000e+00
      1.415e+00          5.7000e+02     0.0000e+00
      1.415e+00          5.8000e+02     0.0000e+00
      1.415e+00          5.9000e+02     0.0000e+00
      1.415e+00          6.0000e+02     0.0000e+00
      1.415e+00          6.1000e+02     0.0000e+00
      1.415e+00          6.2000e+02     0.0000e+00
      1.415e+00          6.3000e+02     0.0000e+00
      1.415e+00          6.4000e+02     0.0000e+00
      1.415e+00          6.5000e+02     0.0000e+00
      1.415e+00          6.6000e+02     0.0000e+00
      1.415e+00          6.7000e+02     0.0000e+00
      1.415e+00          6.8000e+02     0.0000e+00
      1.415e+00          6.9000e+02     0.0000e+00

      1.454e+00          4.0000e+02     0.0000e+00
      1.454e+00          4.1000e+02     0.0000e+00
      1.454e+00          4.2000e+02     0.0000e+00
      1.454e+00          4.3000e+02     0.0000e+00
      1.454e+00          4.4000e+02     0.0000e+00
      1.454e+00          4.5000e+02     0.0000e+00
      1.454e+00          4.6000e+02     0.0000e+00
      1.454e+00          4.7000e+02     0.0000e+00
      1.454e+00          4.8000e+02     0.0000e+00
      1.454e+00          4.9000e+02     0.0000e+00
      1.454e+00          5.0000e+02     0.0000e+00
      1.454e+00          5.1000e+02     0.0000e+00
      1.454e+00          5.2000e+02     0.0000e+00
      1.454e+00          5.3000e+02     0.0000e+00
      1.454e+00          5.4000e+02     0.0000e+00
      1.454e+00          5.5000e+02     0.0000e+00
      1.454e+00          5.6000e+02     0.0000e+00
      1.454e+00          5.7000e+02     0.0000e+00
      1.454e+00          5.8000e+02     0.0000e+00
      1.454e+00          5.9000e+02     0.0000e+00
      1.454e+00          6.0000e+02     0.0000e+00
      1.454e+00          6.1000e+02     0.0000e+00
      1.454e+00          6.2000e+02     0.0000e+00
      1.454e+00          6.3000e+02     0.0000e+00
      1.454e+00          6.4000e+02     0.0000e+00
      1.454e+00          6.5000e+02     0.0000e+00
      1.454e+00          6.6000e+02     0.0000e+00
      1.454e+00          6.7000e+02     0.0000e+00
      1.454e+00          6.8000e+02     0.0000e+00
      1.454e+00          6.9000e+02     0.0000e+00

      1.493e+00          4.0000e+02     0.0000e+00
      1.493e+00          4.1000e+02     0.0000e+00
      1.493e+00          4.2000e+02     0.0000e+00
      1.493e+00          4.3000e+02     0.0000e+00
      1.493e+00          4.4000e+02     0.0000e+00
      1.493e+00          4.5000e+02     0.0000e+00
      1.493e+00          4.6000e+02     0.0000e+00
      1.493e+00          4.7000e+02     0.0000e+00
      1.493e+00          4.8000e+02     0.0000e+00
      1.493e+00          4.9000e+02     0.0000e+00
      1.493e+00          5.0000e+02     0.0000e+00
      1.493e+00          5.1000e+02     0.0000e+00
      1.493e+00          5.2000e+02     0.0000e+00
      1.493e+00          5.3000e+02     0.0000e+00
      1.493e+00          5.4000e+02     0.0000e+00
      1.493e+00          5.5000e+02     0.0000e+00
      1.493e+00          5.6000e+02     0.0000e+00
      1.493e+00          5.7000e+02     0.0000e+00
      1.493e+00          5.8000e+02     0.0000e+00
      1.493e+00          5.9000e+02     0.0000e+00
      1.493e+00          6.0000e+02     0.0000e+00
      1.493e+00          6.1000e+02     0.0000e+00
      1.493e+00          6.2000e+02     0.0000e+00
      1.493e+00          6.3000e+02     0.0000e+00
      1.493e+00          6.4000e+02     0.0000e+00
      1.493e+00          6.5000e+02     0.0000e+00
      1.493e+00          6.6000e+02     0.0000e+00
      1.493e+00          6.7000e+02     0.0000e+00
      1.493e+00          6.8000e+02     0.0000e+00
      1.493e+00          6.9000e+02     0.0000e+00

      1.532e+00          4.0000e+02     0.0000e+00
      1.532e+00          4.1000e+02     0.0000e+00
      1.532e+00          4.2000e+02     0.0000e+00
      1.532e+00          4.3000e+02     0.0000e+00
      1.532e+00          4.4000e+02     0.0000e+00
      1.532e+00          4.5000e+02     0.0000e+00
      1.532e+00          4.6000e+02     0.0000e+00
      1.532e+00          4.7000e+02     0.0000e+00
      1.532e+00          4.8000e+02     0.0000e+00
      1.532e+00          4.9000e+02     0.0000e+00
      1.532e+00          5.0000e+02     0.0000e+00
      1.532e+00          5.1000e+02     0.0000e+00
      1.532e+00          5.2000e+02     0.0000e+00
      1.532e+00          5.3000e+02     0.0000e+00
      1.532e+00          5.4000e+02     0.0000e+00
      1.532e+00          5.5000e+02     0.0000e+00
      1.532e+00          5.6000e+02     0.0000e+00
      1.532e+00          5.7000e+02     0.0000e+00
      1.532e+00          5.8000e+02     0.0000e+00
      1.532e+00          5.9000e+02     0.0000e+00
      1.532e+00          6.0000e+02     0.0000e+00
      1.532e+00          6.1000e+02     0.0000e+00
      1.532e+00          6.2000e+02     0.0000e+00
      1.532e+00          6.3000e+02     0.0000e+00
      1.532e+00          6.4000e+02     0.0000e+00
      1.532e+00          6.5000e+02     0.0000e+00
      1.532e+00          6.6000e+02     0.0000e+00
      1.532e+00          6.7000e+02     0.0000e+00
      1.532e+00          6.8000e+02     0.0000e+00
      1.532e+00          6.9000e+02     0.0000e+00

      1.571e+00          4.0000e+02     0.0000e+00
      1.571e+00          4.1000e+02     0.0000e+00
      1.571e+00          4.2000e+02     0.0000e+00
      1.571e+00          4.3000e+02     0.0000e+00
      1.571e+00          4.4000e+02     0.0000e+00
      1.571e+00          4.5000e+02     0.0000e+00
      1.571e+00          4.6000e+02     0.0000e+00
      1.571e+00          4.7000e+02     0.0000e+00
      1.571e+00          4.8000e+02     0.0000e+00
      1.571e+00          4.9000e+02     0.0000e+00
      1.571e+00          5.0000e+02     0.0000e+00
      1.571e+00          5.1000e+02     0.0000e+00
      1.571e+00          5.2000e+02     0.0000e+00
      1.571e+00          5.3000e+02     0.0000e+00
      1.571e+00          5.4000e+02     0.0000e+00
      1.571e+00          5.5000e+02     0.0000e+00
      1.571e+00          5.6000e+02     0.0000e+00
      1.571e+00          5.7000e+02     0.0000e+00
      1.571e+00          5.8000e+02     0.0000e+00
      1.571e+00          5.9000e+02     0.0000e+00
      1.571e+00          6.0000e+02     0.0000e+00
      1.571e+00          6.1000e+02     0.0000e+00
      1.571e+00          6.2000e+02     0.0000e+00
      1.571e+00          6.3000e+02     0.0000e+00
      1.571e+00          6.4000e+02     0.0000e+00
      1.571e+00          6.5000e+02     0.0000e+00
      1.571e+00          6.6000e+02     0.0000e+00
      1.571e+00          6.7000e+02     0.0000e+00
      1.571e+00          6.8000e+02     0.0000e+00
      1.571e+00          6.9000e+02     0.0000e+00

      1.610e+00          4.0000e+02     0.0000e+00
      1.610e+00          4.1000e+02     0.0000e+00
      1.610e+00          4.2000e+02     0.0000e+00
      1.610e+00          4.3000e+02     0.0000e+00
      1.610e+00          4.4000e+02     0.0000e+00
      1.610e+00          4.5000e+02     0.0000e+00
      1.610e+00          4.6000e+02     0.0000e+00
      1.610e+00          4.7000e+02     0.0000e+00
      1.610e+00          4.8000e+02     0.0000e+00
      1.610e+00          4.9000e+02     0.0000e+00
      1.610e+00          5.0000e+02     0.0000e+00
      1.610e+00          5.1000e+02     0.0000e+00
      1.610e+00          5.2000e+02     0.0000e+00
      1.610e+00          5.3000e+02     0.0000e+00
      1.610e+00          5.4000e+02     0.0000e+00
      1.610e+00          5.5000e+02     0.0000e+00
      1.610e+00          5.6000e+02     0.0000e+00
      1.610e+00          5.7000e+02     0.0000e+00
      1.610e+00          5.8000e+02     0.0000e+00
      1.610e+00          5.9000e+02     0.0000e+00
      1.610e+00          6.0000e+02     0.0000e+00
      1.610e+00          6.1000e+02     0.0000e+00
      1.610e+00          6.2000e+02     0.0000e+00
      1.610e+00          6.3000e+02     0.0000e+00
      1.610e+00          6.4000e+02     0.0000e+00
      1.610e+00          6.5000e+02     0.0000e+00
      1.610e+00          6.6000e+02     0.0000e+00
      1.610e+00          6.7000e+02     0.0000e+00
      1.610e+00          6.8000e+02     0.0000e+00
      1.610e+00          6.9000e+02     0.0000e+00

      1.649e+00          4.0000e+02     0.0000e+00
      1.649e+00          4.1000e+02     0.0000e+00
      1.649e+00          4.2000e+02     0.0000e+00
      1.649e+00          4.3000e+02     0.0000e+00
      1.649e+00          4.4000e+02     0.0000e+00
      1.649e+00          4.5000e+02     0.0000e+00
      1.649e+00          4.6000e+02     0.0000e+00
      1.649e+00          4.7000e+02     0.0000e+00
      1.649e+00          4.8000e+02     0.0000e+00
      1.649e+00          4.9000e+02     0.0000e+00
      1.649e+00          5.0000e+02     0.0000e+00
      1.649e+00          5.1000e+02     0.0000e+00
      1.649e+00          5.2000e+02     0.0000e+00
      1.649e+00          5.3000e+02     0.0000e+00
      1.649e+00          5.4000e+02     0.0000e+00
      1.649e+00          5.5000e+02     0.0000e+00
      1.649e+00          5.6000e+02     0.0000e+00
      1.649e+00          5.7000e+02     0.0000e+00
      1.649e+00          5.8000e+02     0.0000e+00
      1.649e+00          5.9000e+02     0.0000e+00
      1.649e+00          6.0000e+02     0.0000e+00
      1.649e+00          6.1000e+02     0.0000e+00
      1.649e+00          6.2000e+02     0.0000e+00
      1.649e+00          6.3000e+02     0.0000e+00
      1.649e+00          6.4000e+02     0.0000e+00
      1.649e+00          6.5000e+02     0.0000e+00
      1.649e+00          6.6000e+02     0.0000e+00
      1.649e+00          6.7000e+02     0.0000e+00
      1.649e+00          6.8000e+02     0.0000e+00
      1.649e+00          6.9000e+02     0.0000e+00

      1.688e+00          4.0000e+02     0.0000e+00
      1.688e+00          4.1000e+02     0.0000e+00
      1.688e+00          4.2000e+02     0.0000e+00
      1.688e+00          4.3000e+02     0.0000e+00
      1.688e+00          4.4000e+02     0.0000e+00
      1.688e+00          4.5000e+02     0.0000e+00
      1.688e+00          4.6000e+02     0.0000e+00
      1.688e+00          4.7000e+02     0.0000e+00
      1.688e+00          4.8000e+02     0.0000e+00
      1.688e+00          4.9000e+02     0.0000e+00
      1.688e+00          5.0000e+02     0.0000e+00
      1.688e+00          5.1000e+02     0.0000e+00
      1.688e+00          5.2000e+02     0.0000e+00
      1.688e+00          5.3000e+02     0.0000e+00
      1.688e+00          5.4000e+02     0.0000e+00
      1.688e+00          5.5000e+02     0.0000e+00
      1.688e+00          5.6000e+02     0.0000e+00
      1.688e+00          5.7000e+02     0.0000e+00
      1.688e+00          5.8000e+02     0.0000e+00
      1.688e+00          5.9000e+02     0.0000e+00
      1.688e+00          6.0000e+02     0.0000e+00
      1.688e+00          6.1000e+02     0.0000e+00
      1.688e+00          6.2000e+02     0.0000e+00
      1.688e+00          6.3000e+02     0.0000e+00
      1.688e+00          6.4000e+02     0.0000e+00
      1.688e+00          6.5000e+02     0.0000e+00
      1.688e+00          6.6000e+02     0.0000e+00
      1.688e+00          6.7000e+02     0.0000e+00
      1.688e+00          6.8000e+02     0.0000e+00
      1.688e+00          6.9000e+02     0.0000e+00

      1.727e+00          4.0000e+02     0.0000e+00
      1.727e+00          4.1000e+02     0.0000e+00
      1.727e+00          4.2000e+02     0.0000e+00
      1.727e+00          4.3000e+02     0.0000e+00
      1.727e+00          4.4000e+02     0.0000e+00
      1.727e+00          4.5000e+02     0.0000e+00
      1.727e+00          4.6000e+02     0.0000e+00
      1.727e+00          4.7000e+02     0.0000e+00
      1.727e+00          4.8000e+02     0.0000e+00
      1.727e+00          4.9000e+02     0.0000e+00
      1.727e+00          5.0000e+02     0.0000e+00
      1.727e+00          5.1000e+02     0.0000e+00
      1.727e+00          5.2000e+02     0.0000e+00
      1.727e+00          5.3000e+02     0.0000e+00
      1.727e+00          5.4000e+02     0.0000e+00
      1.727e+00          5.5000e+02     0.0000e+00
      1.727e+00          5.6000e+02     0.0000e+00
      1.727e+00          5.7000e+02     0.0000e+00
      1.727e+00          5.8000e+02     0.0000e+00
      1.727e+00          5.9000e+02     0.0000e+00
      1.727e+00          6.0000e+02     0.0000e+00
      1.727e+00          6.1000e+02     0.0000e+00
      1.727e+00          6.2000e+02     0.0000e+00
      1.727e+00          6.3000e+02     0.0000e+00
      1.727e+00          6.4000e+02     0.0000e+00
      1.727e+00          6.5000e+02     0.0000e+00
      1.727e+00          6.6000e+02     0.0000e+00
      1.727e+00          6.7000e+02     0.0000e+00
      1.727e+00          6.8000e+02     0.0000e+00
      1.727e+00          6.9000e+02     0.0000e+00

      1.766e+00          4.0000e+02     0.0000e+00
      1.766e+00          4.1000e+02     0.0000e+00
      1.766e+00          4.2000e+02     0.0000e+00
      1.766e+00          4.3000e+02     0.0000e+00
      1.766e+00          4.4000e+02     0.0000e+00
      1.766e+00          4.5000e+02     0.0000e+00
      1.766e+00          4.6000e+02     0.0000e+00
      1.766e+00          4.7000e+02     0.0000e+00
      1.766e+00          4.8000e+02     0.0000e+00
      1.766e+00          4.9000e+02     0.0000e+00
      1.766e+00          5.0000e+02     0.0000e+00
      1.766e+00          5.1000e+02     0.0000e+00
      1.766e+00          5.2000e+02     0.0000e+00
      1.766e+00          5.3000e+02     0.0000e+00
      1.766e+00          5.4000e+02     0.0000e+00
      1.766e+00          5.5000e+02     0.0000e+00
      1.766e+00          5.6000e+02     0.0000e+00
      1.766e+00          5.7000e+02     0.0000e+00
      1.766e+00          5.8000e+02     0.0000e+00
      1.766e+00          5.9000e+02     0.0000e+00
      1.766e+00          6.0000e+02     0.0000e+00
      1.766e+00          6.1000e+02     0.0000e+00
      1.766e+00          6.2000e+02     0.0000e+00
      1.766e+00          6.3000e+02     0.0000e+00
      1.766e+00          6.4000e+02     0.0000e+00
      1.766e+00          6.5000e+02     0.0000e+00
      1.766e+00          6.6000e+02     0.0000e+00
      1.766e+00          6.7000e+02     0.0000e+00
      1.766e+00          6.8000e+02     0.0000e+00
      1.766e+00          6.9000e+02     0.0000e+00

      1.805e+00          4.0000e+02     0.0000e+00
      1.805e+00          4.1000e+02     0.0000e+00
      1.805e+00          4.2000e+02     0.0000e+00
      1.805e+00          4.3000e+02     0.0000e+00
      1.805e+00          4.4000e+02     0.0000e+00
      1.805e+00          4.5000e+02     0.0000e+00
      1.805e+00          4.6000e+02     0.0000e+00
      1.805e+00          4.7000e+02     0.0000e+00
      1.805e+00          4.8000e+02     0.0000e+00
      1.805e+00          4.9000e+02     0.0000e+00
      1.805e+00          5.0000e+02     0.0000e+00
      1.805e+00          5.1000e+02     0.0000e+00
      1.805e+00          5.2000e+02     0.0000e+00
      1.805e+00          5.3000e+02     0.0000e+00
      1.805e+00          5.4000e+02     0.0000e+00
      1.805e+00          5.5000e+02     0.0000e+00
      1.805e+00          5.6000e+02     0.0000e+00
      1.805e+00          5.7000e+02     0.0000e+00
      1.805e+00          5.8000e+02     0.0000e+00
      1.805e+00          5.9000e+02     0.0000e+00
      1.805e+00          6.0000e+02     0.0000e+00
      1.805e+00          6.1000e+02     0.0000e+00
      1.805e+00          6.2000e+02     0.0000e+00
      1.805e+00          6.3000e+02     0.0000e+00
      1.805e+00          6.4000e+02     0.0000e+00
      1.805e+00          6.5000e+02     0.0000e+00
      1.805e+00          6.6000e+02     0.0000e+00
      1.805e+00          6.7000e+02     0.0000e+00
      1.805e+00          6.8000e+02     0.0000e+00
      1.805e+00          6.9000e+02     0.0000e+00

      1.844e+00          4.0000e+02     0.0000e+00
      1.844e+00          4.1000e+02     0.0000e+00
      1.844e+00          4.2000e+02     0.0000e+00
      1.844e+00          4.3000e+02     0.0000e+00
      1.844e+00          4.4000e+02     0.0000e+00
      1.844e+00          4.5000e+02     0.0000e+00
      1.844e+00          4.6000e+02     0.0000e+00
      1.844e+00          4.7000e+02     0.0000e+00
      1.844e+00          4.8000e+02     0.0000e+00
      1.844e+00          4.9000e+02     0.0000e+00
      1.844e+00          5.0000e+02     0.0000e+00
      1.844e+00          5.1000e+02     0.0000e+00
      1.844e+00          5.2000e+02     0.0000e+00
      1.844e+00          5.3000e+02     0.0000e+00
      1.844e+00          5.4000e+02     0.0000e+00
      1.844e+00          5.5000e+02     0.0000e+00
      1.844e+00          5.6000e+02     0.0000e+00
      1.844e+00          5.7000e+02     0.0000e+00
      1.844e+00          5.8000e+02     0.0000e+00
      1.844e+00          5.9000e+02     0.0000e+00
      1.844e+00          6.0000e+02     0.0000e+00
      1.844e+00          6.1000e+02     0.0000e+00
      1.844e+00          6.2000e+02     0.0000e+00
      1.844e+00          6.3000e+02     0.0000e+00
      1.844e+00          6.4000e+02     0.0000e+00
      1.844e+00          6.5000e+02     0.0000e+00
      1.844e+00          6.6000e+02     0.0000e+00
      1.844e+00          6.7000e+02     0.0000e+00
      1.844e+00          6.8000e+02     0.0000e+00
      1.844e+00          6.9000e+02     0.0000e+00

      1.883e+00          4.0000e+02     0.0000e+00
      1.883e+00          4.1000e+02     0.0000e+00
      1.883e+00          4.2000e+02     0.0000e+00
      1.883e+00          4.3000e+02     0.0000e+00
      1.883e+00          4.4000e+02     0.0000e+00
      1.883e+00          4.5000e+02     0.0000e+00
      1.883e+00          4.6000e+02     0.0000e+00
      1.883e+00          4.7000e+02     0.0000e+00
      1.883e+00          4.8000e+02     0.0000e+00
      1.883e+00          4.9000e+02     0.0000e+00
      1.883e+00          5.0000e+02     0.0000e+00
      1.883e+00          5.1000e+02     0.0000e+00
      1.883e+00          5.2000e+02     0.0000e+00
      1.883e+00          5.3000e+02     0.0000e+00
      1.883e+00          5.4000e+02     0.0000e+00
      1.883e+00          5.5000e+02     0.0000e+00
      1.883e+00          5.6000e+02     0.0000e+00
      1.883e+00          5.7000e+02     0.0000e+00
      1.883e+00          5.8000e+02     0.0000e+00
      1.883e+00          5.9000e+02     0.0000e+00
      1.883e+00          6.0000e+02     0.0000e+00
      1.883e+00          6.1000e+02     0.0000e+00
      1.883e+00          6.2000e+02     0.0000e+00
      1.883e+00          6.3000e+02     0.0000e+00
      1.883e+00          6.4000e+02     0.0000e+00
      1.883e+00          6.5000e+02     0.0000e+00
      1.883e+00          6.6000e+02     0.0000e+00
      1.883e+00          6.7000e+02     0.0000e+00
      1.883e+00          6.8000e+02     0.0000e+00
      1.883e+00          6.9000e+02     0.0000e+00

      1.922e+00          4.0000e+02     0.0000e+00
      1.922e+00          4.1000e+02     0.0000e+00
      1.922e+00          4.2000e+02     0.0000e+00
      1.922e+00          4.3000e+02     0.0000e+00
      1.922e+00          4.4000e+02     0.0000e+00
      1.922e+00          4.5000e+02     0.0000e+00
      1.922e+00          4.6000e+02     0.0000e+00
      1.922e+00          4.7000e+02     0.0000e+00
      1.922e+00          4.8000e+02     0.0000e+00
      1.922e+00          4.9000e+02     0.0000e+00
      1.922e+00          5.0000e+02     0.0000e+00
      1.922e+00          5.1000e+02     0.0000e+00
      1.922e+00          5.2000e+02     0.0000e+00
      1.922e+00          5.3000e+02     0.0000e+00
      1.922e+00          5.4000e+02     0.0000e+00
      1.922e+00          5.5000e+02     0.0000e+00
      1.922e+00          5.6000e+02     0.0000e+00
      1.922e+00          5.7000e+02     0.0000e+00
      1.922e+00          5.8000e+02     0.0000e+00
      1.922e+00          5.9000e+02     0.0000e+00
      1.922e+00          6.0000e+02     0.0000e+00
      1.922e+00          6.1000e+02     0.0000e+00
      1.922e+00          6.2000e+02     0.0000e+00
      1.922e+00          6.3000e+02     0.0000e+00
      1.922e+00          6.4000e+02     0.0000e+00
      1.922e+00          6.5000e+02     0.0000e+00
      1.922e+00          6.6000e+02     0.0000e+00
      1.922e+00          6.7000e+02     0.0000e+00
      1.922e+00          6.8000e+02     0.0000e+00
      1.922e+00          6.9000e+02     0.0000e+00

      1.961e+00          4.0000e+02     0.0000e+00
      1.961e+00          4.1000e+02     0.0000e+00
      1.961e+00          4.2000e+02     0.0000e+00
      1.961e+00          4.3000e+02     0.0000e+00
      1.961e+00          4.4000e+02     0.0000e+00
      1.961e+00          4.5000e+02     0.0000e+00
      1.961e+00          4.6000e+02     0.0000e+00
      1.961e+00          4.7000e+02     0.0000e+00
      1.961e+00          4.8000e+02     0.0000e+00
      1.961e+00          4.9000e+02     0.0000e+00
      1.961e+00          5.0000e+02     0.0000e+00
      1.961e+00          5.1000e+02     0.0000e+00
      1.961e+00          5.2000e+02     0.0000e+00
      1.961e+00          5.3000e+02     0.0000e+00
      1.961e+00          5.4000e+02     0.0000e+00
      1.961e+00          5.5000e+02     0.0000e+00
      1.961e+00          5.6000e+02     0.0000e+00
      1.961e+00          5.7000e+02     0.0000e+00
      1.961e+00          5.8000e+02     0.0000e+00
      1.961e+00          5.9000e+02     0.0000e+00
      1.961e+00          6.0000e+02     0.0000e+00
      1.961e+00          6.1000e+02     0.0000e+00
      1.961e+00          6.2000e+02     0.0000e+00
      1.961e+00          6.3000e+02     0.0000e+00
      1.961e+00          6.4000e+02     0.0000e+00
      1.961e+00          6.5000e+02     0.0000e+00
      1.961e+00          6.6000e+02     0.0000e+00
      1.961e+00          6.7000e+02     0.0000e+00
      1.961e+00          6.8000e+02     0.0000e+00
      1.961e+00          6.9000e+02     0.0000e+00

